use_portrait_processor=false
bayer_dither=true
brightness=0.460000
contrast=0.448000
saturation=0.588000
auto_contrast=0.000000
sharpen_radius=0.148000
sharpen_strength=0.552000
vignette_size=0.264000
vignette_opacity=0.784000

