use_portrait_processor=false
bayer_dither=true
brightness=0.476000
contrast=0.556000
saturation=0.456000
auto_contrast=0.000000
sharpen_radius=0.188000
sharpen_strength=0.532000
vignette_size=0.304000
vignette_opacity=0.584000

